"No.","AbsoluteDate","Time (s)","Packet Interval (s)","Packet Length","RSSI (dBm)","Source","Destination","Protocol","Info","Frequency/Channel","TXRate","ExpertInfoSeverity","length"
"1","2020-03-12 14:50:48.585567","0.000000","0.000000","31","","10.0.0.201","10.0.0.208","DNS","[Malformed Packet]","","","Error",""
"2","2020-03-12 14:50:48.586567","0.001000","0.001000","30","","10.0.0.201","10.0.0.208","DNS","[Malformed Packet]","","","Error",""
"3","2020-03-12 14:50:51.665200","3.079633","3.078633","29","","10.0.0.201","10.0.0.208","DNS","[Malformed Packet]","","","Error",""
"4","2020-03-12 14:50:54.796056","6.210489","3.130856","30","","10.0.0.201","10.0.0.208","DNS","[Malformed Packet]","","","Error",""
"5","2020-03-12 14:50:57.956469","9.370902","3.160413","31","","10.0.0.201","10.0.0.208","DNS","[Malformed Packet]","","","Error",""
"6","2020-03-12 14:50:57.957461","9.371894","0.000992","30","","10.0.0.201","10.0.0.208","DNS","[Malformed Packet]","","","Error",""
"7","2020-03-12 14:51:01.043545","12.457978","3.086084","30","","10.0.0.201","10.0.0.208","DNS","[Malformed Packet]","","","Error",""
"8","2020-03-12 14:51:04.198808","15.613241","3.155263","31","","10.0.0.201","10.0.0.208","DNS","[Malformed Packet]","","","Error",""
"9","2020-03-12 14:51:04.198808","15.613241","0.000000","30","","10.0.0.201","10.0.0.208","DNS","[Malformed Packet]","","","Error",""
"10","2020-03-12 14:51:07.355769","18.770202","3.156961","31","","10.0.0.201","10.0.0.208","DNS","[Malformed Packet]","","","Error",""
"11","2020-03-12 14:51:07.356770","18.771203","0.001001","28","","10.0.0.201","10.0.0.208","UDP","47813  >  53 Len=0","","","",""
"12","2020-03-12 14:51:10.442552","21.856985","3.085782","28","","10.0.0.201","10.0.0.208","UDP","47813  >  53 Len=0","","","",""
"13","2020-03-12 14:51:13.532729","24.947162","3.090177","31","","10.0.0.201","10.0.0.208","DNS","[Malformed Packet]","","","Error",""
"14","2020-03-12 14:51:13.533730","24.948163","0.001001","30","","10.0.0.201","10.0.0.208","DNS","[Malformed Packet]","","","Error",""
"15","2020-03-12 14:51:16.627863","28.042296","3.094133","30","","10.0.0.201","10.0.0.208","DNS","[Malformed Packet]","","","Error",""
"16","2020-03-12 14:51:19.803540","31.217973","3.175677","31","","10.0.0.201","10.0.0.208","DNS","[Malformed Packet]","","","Error",""
"17","2020-03-12 14:51:19.805541","31.219974","0.002001","30","","10.0.0.201","10.0.0.208","DNS","[Malformed Packet]","","","Error",""
"18","2020-03-12 14:51:22.968353","34.382786","3.162812","30","","10.0.0.201","10.0.0.208","DNS","[Malformed Packet]","","","Error",""
"19","2020-03-12 14:51:26.056638","37.471071","3.088285","31","","10.0.0.201","10.0.0.208","DNS","[Malformed Packet]","","","Error",""
"20","2020-03-12 14:51:26.057627","37.472060","0.000989","28","","10.0.0.201","10.0.0.208","UDP","47813  >  53 Len=0","","","",""
"21","2020-03-12 14:51:29.188882","40.603315","3.131255","31","","10.0.0.201","10.0.0.208","DNS","[Malformed Packet]","","","Error",""
"22","2020-03-12 14:51:29.188882","40.603315","0.000000","28","","10.0.0.201","10.0.0.208","UDP","47813  >  53 Len=0","","","",""
"23","2020-03-12 14:51:32.377680","43.792113","3.188798","30","","10.0.0.201","10.0.0.208","DNS","[Malformed Packet]","","","Error",""
"24","2020-03-12 14:51:35.524890","46.939323","3.147210","31","","10.0.0.201","10.0.0.208","DNS","[Malformed Packet]","","","Error",""
"25","2020-03-12 14:51:35.524890","46.939323","0.000000","30","","10.0.0.201","10.0.0.208","DNS","[Malformed Packet]","","","Error",""
"26","2020-03-12 14:51:38.620355","50.034788","3.095465","30","","10.0.0.201","10.0.0.208","DNS","[Malformed Packet]","","","Error",""
"27","2020-03-12 14:51:41.865782","53.280215","3.245427","30","","10.0.0.201","10.0.0.208","DNS","[Malformed Packet]","","","Error",""
"28","2020-03-12 14:51:45.138240","56.552673","3.272458","31","","10.0.0.201","10.0.0.208","DNS","[Malformed Packet]","","","Error",""
"29","2020-03-12 14:51:45.138240","56.552673","0.000000","31","","10.0.0.201","10.0.0.208","DNS","[Malformed Packet]","","","Error",""
"30","2020-03-12 14:51:45.138240","56.552673","0.000000","28","","10.0.0.201","10.0.0.208","UDP","47813  >  53 Len=0","","","",""
"31","2020-03-12 14:51:48.408541","59.822974","3.270301","28","","10.0.0.201","10.0.0.208","UDP","47813  >  53 Len=0","","","",""
"32","2020-03-12 14:51:51.520504","62.934937","3.111963","31","","10.0.0.201","10.0.0.208","DNS","[Malformed Packet]","","","Error",""
"33","2020-03-12 14:51:51.520504","62.934937","0.000000","30","","10.0.0.201","10.0.0.208","DNS","[Malformed Packet]","","","Error",""
"34","2020-03-12 14:51:54.681775","66.096208","3.161271","30","","10.0.0.201","10.0.0.208","DNS","[Malformed Packet]","","","Error",""
"35","2020-03-12 14:51:57.794642","69.209075","3.112867","30","","10.0.0.201","10.0.0.208","DNS","[Malformed Packet]","","","Error",""
"36","2020-03-12 14:52:00.885357","72.299790","3.090715","31","","10.0.0.201","10.0.0.208","DNS","[Malformed Packet]","","","Error",""
"37","2020-03-12 14:52:00.886355","72.300788","0.000998","30","","10.0.0.201","10.0.0.208","DNS","[Malformed Packet]","","","Error",""
"38","2020-03-12 14:52:04.064559","75.478992","3.178204","31","","10.0.0.201","10.0.0.208","DNS","[Malformed Packet]","","","Error",""
"39","2020-03-12 14:52:04.065561","75.479994","0.001002","28","","10.0.0.201","10.0.0.208","UDP","47813  >  53 Len=0","","","",""
"40","2020-03-12 14:52:07.189695","78.604128","3.124134","31","","10.0.0.201","10.0.0.208","DNS","[Malformed Packet]","","","Error",""
"41","2020-03-12 14:52:07.190696","78.605129","0.001001","28","","10.0.0.201","10.0.0.208","UDP","47813  >  53 Len=0","","","",""
"42","2020-03-12 14:52:10.202395","81.616828","3.011699","30","","10.0.0.201","10.0.0.208","DNS","[Malformed Packet]","","","Error",""
"43","2020-03-12 14:52:13.346935","84.761368","3.144540","30","","10.0.0.201","10.0.0.208","DNS","[Malformed Packet]","","","Error",""
"44","2020-03-12 14:52:16.474272","87.888705","3.127337","31","","10.0.0.201","10.0.0.208","DNS","[Malformed Packet]","","","Error",""
"45","2020-03-12 14:52:16.475260","87.889693","0.000988","30","","10.0.0.201","10.0.0.208","DNS","[Malformed Packet]","","","Error",""
"46","2020-03-12 14:52:19.662248","91.076681","3.186988","30","","10.0.0.201","10.0.0.208","DNS","[Malformed Packet]","","","Error",""
"47","2020-03-12 14:52:22.764208","94.178641","3.101960","31","","10.0.0.201","10.0.0.208","DNS","[Malformed Packet]","","","Error",""
"48","2020-03-12 14:52:22.764208","94.178641","0.000000","31","","10.0.0.201","10.0.0.208","DNS","[Malformed Packet]","","","Error",""
"49","2020-03-12 14:52:22.764208","94.178641","0.000000","28","","10.0.0.201","10.0.0.208","UDP","47813  >  53 Len=0","","","",""
"50","2020-03-12 14:52:25.920658","97.335091","3.156450","28","","10.0.0.201","10.0.0.208","UDP","47813  >  53 Len=0","","","",""
"51","2020-03-12 14:52:29.123811","100.538244","3.203153","30","","10.0.0.201","10.0.0.208","DNS","[Malformed Packet]","","","Error",""
"52","2020-03-12 14:52:32.230781","103.645214","3.106970","31","","10.0.0.201","10.0.0.208","DNS","[Malformed Packet]","","","Error",""
"53","2020-03-12 14:52:32.231780","103.646213","0.000999","30","","10.0.0.201","10.0.0.208","DNS","[Malformed Packet]","","","Error",""
"54","2020-03-12 14:52:35.413551","106.827984","3.181771","30","","10.0.0.201","10.0.0.208","DNS","[Malformed Packet]","","","Error",""
